Example 4, pg 405
Matrix to be factorized, A = 
   4.0000  -1.0000   1.0000
  -1.0000   4.2500   2.7500
   1.0000   2.7500   3.5000

L = 
   1.0000        0        0
  -0.2500   1.0000        0
   0.2500   0.7500   1.0000

D = 
   4.0000
   4.0000
   1.0000

LDL' = 
   4.0000  -1.0000   1.0000
  -1.0000   4.2500   2.7500
   1.0000   2.7500   3.5000

... testing A == LDL' ...  ... passed.


=====================================
Problem 4b pg 410
Matrix to be factorized, A = 
   4.0000   2.0000   2.0000
   2.0000   6.0000   2.0000
   2.0000   2.0000   5.0000

L = 
   1.0000        0        0
   0.5000   1.0000        0
   0.5000   0.2000   1.0000

D = 
   4.0000
   5.0000
   3.8000

LDL' = 
   4.0000   2.0000   2.0000
   2.0000   6.0000   2.0000
   2.0000   2.0000   5.0000

... testing A == LDL' ...  ... passed.


=====================================
Problem 4d pg 410
Matrix to be factorized, A = 
   4.0000   1.0000   1.0000   1.0000
   1.0000   3.0000        0  -1.0000
   1.0000        0   2.0000   1.0000
   1.0000  -1.0000   1.0000   4.0000

L = 
   1.0000        0        0        0
   0.2500   1.0000        0        0
   0.2500  -0.0909   1.0000        0
   0.2500  -0.4545   0.3684   1.0000

D = 
   4.0000
   2.7500
   1.7273
   2.9474

LDL' = 
   4.0000e+00   1.0000e+00   1.0000e+00   1.0000e+00
   1.0000e+00   3.0000e+00  -6.9389e-18  -1.0000e+00
   1.0000e+00        0e+00   2.0000e+00   1.0000e+00
   1.0000e+00  -1.0000e+00   1.0000e+00   4.0000e+00

... testing A == LDL' ...  ... passed.


=====================================
Problem 6b
Matrix to be factorized, A = 
   4.0000   2.0000   2.0000
   2.0000   6.0000   2.0000
   2.0000   2.0000   5.0000

L = 
   2.0000        0        0
   1.0000   2.2361        0
   1.0000   0.4472   1.9494

L' = 
   2.0000   1.0000   1.0000
        0   2.2361   0.4472
        0        0   1.9494

LL' = 
   4.0000   2.0000   2.0000
   2.0000   6.0000   2.0000
   2.0000   2.0000   5.0000

... testing A == LL' ...  ... passed.


=====================================
Problem 6d
Matrix to be factorized, A = 
   4.0000   1.0000   1.0000   1.0000
   1.0000   3.0000        0  -1.0000
   1.0000        0   2.0000   1.0000
   1.0000  -1.0000   1.0000   4.0000

L = 
   2.0000        0        0        0
   0.5000   1.6583        0        0
   0.5000  -0.1508   1.3143        0
   0.5000  -0.7538   0.4842   1.7168

L' = 
   2.0000   0.5000   0.5000   0.5000
        0   1.6583  -0.1508  -0.7538
        0        0   1.3143   0.4842
        0        0        0   1.7168

LL' = 
   4.0000e+00   1.0000e+00   1.0000e+00   1.0000e+00
   1.0000e+00   3.0000e+00  -2.4666e-18  -1.0000e+00
   1.0000e+00  -2.4666e-18   2.0000e+00   1.0000e+00
   1.0000e+00  -1.0000e+00   1.0000e+00   4.0000e+00

... testing A == LL' ...  ... passed.


=====================================
Problem 7b pg 410
Matrix to be factorized, A = 
   4.0000   1.0000   1.0000   1.0000
   1.0000   3.0000  -1.0000   1.0000
   1.0000  -1.0000   2.0000        0
   1.0000   1.0000        0   2.0000

L = 
   1.0000        0        0        0
   0.2500   1.0000        0        0
   0.2500  -0.4545   1.0000        0
   0.2500   0.2727   0.0769   1.0000

D = 
   4.0000
   2.7500
   1.1818
   1.5385

LDL' = 
   4.0000e+00   1.0000e+00   1.0000e+00   1.0000e+00
   1.0000e+00   3.0000e+00  -1.0000e+00   1.0000e+00
   1.0000e+00  -1.0000e+00   2.0000e+00   2.1345e-18
   1.0000e+00   1.0000e+00  -1.3878e-17   2.0000e+00

... testing A == LDL' ...  ... passed.

b = 
   0.6500
   0.0500
        0
   0.5000

solution, x = 
   0.2000
  -0.2000
  -0.2000
   0.2500

... testing Ax == b ...  ... passed.


=====================================
Problem 8b pg 411
Matrix to be factorized, A = 
   4.0000   2.0000   2.0000
   2.0000   6.0000   2.0000
   2.0000   2.0000   5.0000

L = 
   1.0000        0        0
   0.5000   1.0000        0
   0.5000   0.2000   1.0000

D = 
   4.0000
   5.0000
   3.8000

LDL' = 
   4.0000   2.0000   2.0000
   2.0000   6.0000   2.0000
   2.0000   2.0000   5.0000

... testing A == LDL' ...  ... passed.

b = 
        0
   1.0000
        0

solution, x = 
  -0.0789
   0.2105
  -0.0526

... testing Ax == b ...  ... passed.


=====================================
Problem 9b pg 411
Matrix to be factorized, A = 
   4.0000   1.0000   1.0000   1.0000
   1.0000   3.0000  -1.0000   1.0000
   1.0000  -1.0000   2.0000        0
   1.0000   1.0000        0   2.0000

L = 
   2.0000        0        0        0
   0.5000   1.6583        0        0
   0.5000  -0.7538   1.0871        0
   0.5000   0.4523   0.0836   1.2403

L' = 
   2.0000   0.5000   0.5000   0.5000
        0   1.6583  -0.7538   0.4523
        0        0   1.0871   0.0836
        0        0        0   1.2403

LL' = 
   4.0000e+00   1.0000e+00   1.0000e+00   1.0000e+00
   1.0000e+00   3.0000e+00  -1.0000e+00   1.0000e+00
   1.0000e+00  -1.0000e+00   2.0000e+00  -3.6185e-18
   1.0000e+00   1.0000e+00  -3.6185e-18   2.0000e+00

... testing A == LL' ...  ... passed.

b = 
   0.6500
   0.0500
        0
   0.5000

solution, x = 
   0.2000
  -0.2000
  -0.2000
   0.2500

... testing Ax == b ...  ... passed.

