Example 1, section 6.5, pg 391-392
system of equations
   1.0000   1.0000        0   3.0000
   2.0000   1.0000  -1.0000   1.0000
   3.0000  -1.0000  -1.0000   2.0000
  -1.0000   2.0000   3.0000  -1.0000

    8.0000
    7.0000
   14.0000
   -7.0000

factorization...
L = 
   1.0000        0        0        0
   2.0000   1.0000        0        0
   3.0000   4.0000   1.0000        0
  -1.0000  -3.0000        0   1.0000

U = 
    1.0000    1.0000         0    3.0000
         0   -1.0000   -1.0000   -5.0000
         0         0    3.0000   13.0000
         0         0         0  -13.0000

solution...
x = 
   3.0000
  -1.0000
        0
   2.0000

Problem 6.5.5.d, pg 396
matrix to factor: ... 
   2.1756   4.0231  -2.1732   5.1967
  -4.0231   6.0000        0   1.1973
  -1.0000  -5.2107   1.1111        0
   6.0235   7.0000        0  -4.1561

factorization...
L = 
   1.0000        0        0        0
  -1.8492   1.0000        0        0
  -0.4596  -0.2501   1.0000        0
   2.7687  -0.3079  -5.3523   1.0000

U = 
   2.1756e+00   4.0231e+00  -2.1732e+00   5.1967e+00
        0e+00   1.3439e+01  -4.0187e+00   1.0807e+01
        0e+00   4.4409e-16  -8.9295e-01   5.0917e+00
        0e+00   2.3769e-15        0e+00   1.2036e+01

Problem 6.5.6.d, pg 397
matrix to factor: ... 
   2.1210  -3.4600        0   5.2170
        0   5.1930  -2.1970   4.2060
   5.1320   1.4140   3.1410        0
  -3.1110  -1.7320   2.7180   5.2120

factorization...
L = 
   1.0000        0        0        0
        0   1.0000        0        0
   2.4196   1.8844   1.0000        0
  -1.4668  -1.3108  -0.0222   1.0000

U = 
    2.1210   -3.4600         0    5.2170
         0    5.1930   -2.1970    4.2060
         0         0    7.2811  -20.5490
         0         0         0   17.9206

Problem 6.5.7.d, pg 397
system of equations
   2.1756   4.0231  -2.1732   5.1967
  -4.0231   6.0000        0   1.1973
  -1.0000  -5.2107   1.1111        0
   6.0235   7.0000        0  -4.1561

   17.1020
   -6.1593
    3.0004
         0

solution...
x = 
   2.9399
   0.0707
   5.6777
   4.3798

Problem 6.5.8.d, pg 397
system of equations
   2.1210  -3.4600        0   5.2170
        0   5.1930  -2.1970   4.2060
   5.1320   1.4140   3.1410        0
  -3.1110  -1.7320   2.7180   5.2120

   1.9090
        0
  -2.1010
   6.8240

solution...
x = 
  -0.7061
  -0.1874
   0.5692
   0.5287

